100
100 1
100
10 3
20 3 15
1000000 5
312206 162345 998876 486739 526
2 5
1 1 1 1 1
579340 5
1266 310123 481443 337418 276465
159004 5
787466 520609 863250 474623 53641
522189 2
882662 702750
544655 1
367311
831506 5
115583 917201 735056 108480 18691
11 5
5 5 5 5 10
19244 3
140760 370814 133979
389395 5
397707 466195 686002 815795 854379
289253 5
56540 193425 213848 380199 411135
3 4
2 2 2 4
599487 3
573700 448179 191059
809855 5
332184 180906 286808 387544 6213
332660 5
906733 943574 55535 485268 448625
642582 4
277691 66473 835019 86045
2 5
5 7 9 10 2
833018 3
880210 704583 192438
1 5
1000000 1000000 1000000 1000000 1000000
738752 1
104655
542054 3
326405 289872 181395
10 5
3 2 3 1 1
4 5
610 623 952 801 488
128611 3
357952 658045 479982
505290 3
501596 722283 344515
1000000 5
484246 191 783313 144555 498553
791706 5
122578 359205 168478 891309 278365
6 5
7 42 44 10 1
806130 3
365456 698644 766477
995294 5
131165 225928 240011 29717 118314
108956 5
31701 134548 598384 827351 940304
435687 3
202200 972215 551525
818322 5
843303 969745 448679 306149 882509
138874 5
74396 321366 332299 858820 845428
653950 4
769811 141954 496706 576034
11 5
10 5 5 5 5
829394 5
41799 257658 334627 242324 146910
672631 1
168298
407304 5
81096 148033 704247 806540 895815
191901 5
809595 722875 578536 505052 19568
666844 5
808992 665480 581694 293213 881130
817159 5
333058 57272 143699 210972 264575
3 3
1 1 100
376035 5
108891 188345 196325 363139 582470
652465 4
948442 867475 17301 131638
306568 3
787887 455441 772762
8 5
112 195 222 161 152
85713 5
144429 300644 398499 484222 699298
823442 1
398655
852707 2
960125 423259
465940 3
752304 119752 257704
378502 3
168786 853452 571319
2 5
3 1 2 1 2
254038 5
905752 442472 357141 327276 140184
985417 4
902104 819800 449991 43250
3 5
707 589 610 399 664
3 4
2 2 2 3
936745 4
742583 510913 259226 624390
682781 3
229683 486030 80262
5 5
2 3 1 3 1
1000000 1
999999
41924 5
595625 194865 748 952765 38492
687158 5
697790 148865 142970 40227 16681
820208 1
348970
925562 4
882583 322874 671955 864874
2 4
2 2 2 6
832445 5
180912 440738 359420 411794 358406
563965 5
639342 165828 119339 701189 314291
219256 2
289552 746305
1000000 5
130015 494966 942183 559824 855360
753809 5
563858 358405 228431 133851 397328
353666 5
364118 396140 268917 192510 301886
688764 2
718857 562798
107811 2
581132 148212
352637 2
396167 643606
371228 5
254274 532991 824324 513209 43903
982669 3
740670 994676 151485
3 5
82 23 118 588 645
654959 1
914639
463814 4
555375 545496 148463 110703
860421 4
252380 919161 582235 630881
873992 5
31762 449959 128176 957269 963352
1000000 5
309573 922435 310038 109680 561563
297289 2
552576 25141
784424 5
737833 656591 524063 88180 25342
538755 5
946495 630358 396413 188818 164984
1 5
419045 569315 780256 522233 552137
10 5
1 1 1 2 2
438014 1
373359
10 5
5 5 5 5 10
1000000 5
498878 96595 364224 396750 828393
1000000 5
1 1 1 1 1
371616 3
609237 721171 559970
1000000 1
1000000
832572 3
30273 604902 707328
9 5
1 2 2 1 2
1000000 5
1000000 1000000 1000000 1000000 1000000
1 5
1 1 1 1 1
