6
10
13 49 33 40 15 20 14 36 27 65 35 47 19 60 14 24 30 34 9 40 
5
35
59
16
49
20

25
113 211 67 108 37 107 59 62 28 114 61 73 117 173 113 192 77 140 98 101 23 46 12 38 117 143 37 118 28 63 29 69 61 84 62 169 61 138 57 130 1 15 66 152 47 81 59 83 92 154 
25
33
155
49
219
249
64
242
164
66
9
177
87
21
79
96
115
220
51
232
61
103
218
215
180
108

50
1 500 500 500 159 224 35 164 126 359 123 215 135 343 147 164 29 86 131 189 164 364 171 347 174 297 34 237 139 380 126 299 97 99 69 285 62 282 38 216 170 407 22 85 160 319 77 179 105 241 224 347 249 397 27 202 171 401 44 113 167 248 4 139 134 287 245 271 156 180 214 280 11 77 22 242 64 223 76 261 41 56 186 216 103 156 16 228 100 310 118 151 71 145 152 361 58 104 94 325 
50
305
368
242
73
78
372
217
188
97
141
480
132
87
59
323
23
358
164
111
470
182
271
411
329
253
120
312
152
174
497
100
78
49
326
223
319
246
101
90
329
236
340
5
372
126
297
352
367
162
181

15
115 115 91 91 37 37 74 158 170 313 182 288 164 243 88 216 190 364 82 164 97 130 30 106 175 193 134 172 198 328 
8
115
235
368
316
357
102
384
37

20
34 163 84 281 162 319 212 359 46 122 96 261 114 161 164 280 136 290 186 345 102 299 152 349 6 70 56 235 97 99 147 249 131 187 181 293 118 218 168 309 
15
258
249
241
347
152
85
213
97
165
187
153
57
148
182
169

15
182 360 35 182 71 81 43 217 15 206 147 340 24 170 59 116 50 141 198 336 149 220 102 154 172 278 49 179 12 174 
8
182
195
208
107
290
172
264
180

